10
100
1001
1002
1003
1004
1005
1006
1007
1008
1009
101
1010
1011
1012
1013
1014
1015
1016
1017
1018
1019
102
1020
1021
1022
1023
1025
1026
1027
1028
1029
103
1030
1031
1032
1033
1034
1035
1036
1038
1039
1040
1041
1043
1044
1045
1046
1047
1048
105
1050
1051
1052
1053
1054
1055
1056
1057
1058
1059
106
1060
1061
1062
1063
1064
1065
1066
1067
1068
1069
107
1070
1072
1073
1074
1075
1076
1077
1079
108
1081
1082
1083
1084
1085
1086
1087
1088
1089
109
1090
1091
1092
1093
1094
1095
1096
1097
1098
1099
11
110
1100
1101
1102
1103
1104
1105
1106
1107
1108
1109
111
1110
1111
1112
1113
1114
1115
1116
1117
1119
112
1120
1121
1122
1123
1124
1125
1126
1127
1128
113
1130
1132
1133
1134
1136
1137
1138
1139
1140
1141
1142
1143
1144
1145
1146
1147
1148
1149
115
1150
1151
1152
1153
1154
1155
1156
1157
1158
1159
1162
1163
1164
1165
1166
1167
1168
1169
117
1170
1171
1172
1173
1174
1175
1176
1179
118
1180
1181
1182
1183
1184
1185
1186
1187
1188
1189
119
1190
1191
1192
1193
1194
1195
1197
1198
12
1200
1201
1202
1203
1205
1206
1207
1208
1209
121
1210
1211
1212
1213
1214
1215
1216
1218
1219
122
1220
1222
1223
1224
1225
1227
1228
1229
123
1230
1231
1232
1233
1234
1235
1236
1237
1238
1239
124
1240
1242
1243
1244
1245
1246
1247
1249
1250
1251
1253
1254
1255
1257
1258
1259
126
1260
1262
1263
1264
1266
1267
127
1270
1271
1272
1273
1274
1275
1277
1278
1279
128
1280
1281
1282
1283
1284
1285
1286
1287
1288
1289
129
1290
1291
1292
1294
1297
1298
1299
13
130
1300
1301
1302
1303
1304
1305
1307
1308
1309
1310
1311
1312
1313
1314
1315
1316
1317
1318
1319
132
1320
1321
1322
1323
1324
1325
1326
1328
1329
133
1330
1331
1332
1333
1334
1336
1337
1338
1339
134
1341
1342
1343
1344
1345
1346
1347
1348
1349
135
1350
1351
1352
1353
1354
1355
1356
1357
1358
1359
136
1360
1361
1362
1363
1364
1365
1366
1367
1368
1369
137
1370
1371
1372
1373
1374
1375
1376
1379
138
1380
1381
1382
1384
1385
1386
1387
1389
139
1390
1391
1392
1393
1394
1395
1396
1397
1398
1399
14
1400
141
142
143
144
146
147
148
149
15
150
151
152
153
154
156
157
158
160
161
162
163
164
165
166
167
168
17
171
172
173
174
175
176
177
178
179
18
180
181
182
183
184
185
186
187
188
189
19
190
191
192
193
194
195
196
198
199
2
20
200
202
203
204
205
206
207
208
21
210
211
212
213
214
215
216
217
218
219
22
220
221
222
223
225
226
227
228
229
23
230
231
232
233
234
235
236
237
238
239
24
240
241
242
243
244
247
248
249
25
250
251
252
254
255
256
257
258
259
26
260
261
262
263
264
265
266
267
268
269
27
270
271
272
273
274
275
276
277
278
279
28
280
281
282
283
285
286
288
289
29
290
291
292
293
294
295
296
297
298
299
3
30
300
301
302
303
304
305
306
307
308
309
31
310
311
312
313
314
315
317
318
319
32
320
321
322
323
324
325
327
328
329
33
330
331
332
333
334
335
336
337
338
339
34
340
341
342
344
345
346
347
348
349
35
350
351
352
353
354
357
358
359
36
360
361
362
363
364
365
366
367
368
369
37
370
371
372
373
374
375
376
377
378
379
38
380
381
382
383
384
385
387
388
389
39
390
391
392
393
394
395
396
397
398
399
4
40
400
401
403
404
405
406
407
408
409
41
410
411
412
413
414
415
416
417
418
419
42
420
421
423
424
425
426
427
428
429
43
430
431
432
434
435
436
437
438
439
44
440
441
442
443
444
445
446
447
448
449
45
450
451
452
454
456
457
458
459
460
461
462
463
464
465
466
467
468
469
47
470
471
472
473
474
475
476
477
478
479
48
480
482
483
484
485
486
487
488
489
49
490
491
492
493
494
495
496
497
498
499
500
501
502
504
505
506
507
508
509
51
510
511
512
513
514
516
517
518
519
52
520
521
522
523
524
526
527
528
529
53
530
531
532
533
534
535
536
537
538
539
54
540
541
542
543
544
545
546
547
548
549
55
551
553
554
555
556
559
560
561
562
563
564
565
566
567
568
57
570
571
572
573
574
575
576
577
579
58
580
581
582
583
585
586
587
588
589
59
590
591
592
594
595
596
597
598
599
60
600
601
602
603
604
605
606
608
609
61
611
612
613
614
615
616
617
619
62
620
621
622
623
624
625
626
627
628
629
63
630
631
632
633
634
635
636
637
638
639
64
641
642
643
644
645
646
647
648
649
65
650
651
653
654
655
656
657
658
659
66
660
661
662
663
664
665
666
667
668
67
670
671
672
673
674
675
676
677
678
679
680
681
682
683
684
685
686
687
688
689
69
690
691
692
693
694
695
696
697
698
699
7
70
700
701
702
703
704
705
706
707
708
709
71
710
712
713
714
718
719
72
720
721
722
723
724
725
726
727
729
730
731
732
733
734
735
736
737
739
740
741
742
743
744
745
746
747
748
749
75
750
751
752
753
754
755
756
757
758
759
76
760
761
762
763
764
766
767
768
769
77
770
771
772
773
774
775
776
778
779
78
781
782
783
784
785
786
788
789
79
790
791
792
793
794
795
796
797
798
799
8
800
801
803
805
806
807
808
809
81
810
811
812
815
816
817
818
819
82
820
821
823
824
825
826
827
828
829
830
831
832
833
834
835
836
839
84
840
841
842
843
844
845
846
847
848
85
850
851
852
853
854
855
856
857
858
859
86
860
861
862
864
865
866
867
868
869
87
870
871
872
873
874
875
876
878
879
88
880
881
883
884
886
888
889
89
891
892
893
894
895
896
897
898
899
9
90
900
901
902
903
904
905
908
909
91
910
911
912
913
914
915
916
917
918
919
92
920
922
923
924
925
926
927
928
929
93
930
932
933
935
936
937
938
939
94
940
941
942
943
944
945
946
948
949
95
950
951
952
953
954
955
956
957
958
96
960
961
962
963
964
966
967
968
969
97
970
971
972
974
975
976
977
978
979
98
980
981
982
983
984
985
986
987
988
989
99
991
994
995
996
997
998
999
